version 3
run General-0-20260908-12:46:55-74769
attr configname General
attr datetime 20260908-12:46:55
attr datetimef 20260908-124655
attr experiment General
attr inifile omnetpp.ini
attr iterationvars ""
attr iterationvarsd ""
attr iterationvarsf ""
attr measurement ""
attr network GBSEDScenario
attr processid 74769
attr repetition 0
attr replication #0
attr resultdir results
attr runnumber 0
attr seedset 0
config image-path /Users/mahdisahil/Documents/gbsed_veins/images
config cmdenv-express-mode true
config cmdenv-autoflush true
config cmdenv-status-frequency 1s
config **.cmdenv-log-level info
config network GBSEDScenario
config debug-on-errors true
config cmdenv-interactive false
config sim-time-limit 200s
config **.scalar-recording true
config **.vector-recording true
config *.playgroundSizeX 2500m
config *.playgroundSizeY 2500m
config *.playgroundSizeZ 50m
config *.annotations.draw true
config *.manager.updateInterval 1s
config *.manager.host "\"localhost\""
config *.manager.port 9999
config *.manager.autoShutdown true
config *.manager.launchConfig "xmldoc(\"launchd.xml\")"
config *.connectionManager.sendDirect true
config *.connectionManager.maxInterfDist 2600m
config *.connectionManager.drawMaxIntfDist false
config *.**.nic.mac1609_4.useServiceChannel false
config *.**.nic.mac1609_4.txPower 20mW
config *.**.nic.mac1609_4.bitrate 6Mbps
config *.**.nic.phy80211p.minPowerLevel -110dBm
config *.**.nic.phy80211p.useNoiseFloor true
config *.**.nic.phy80211p.noiseFloor -98dBm
config *.**.nic.phy80211p.decider "xmldoc(\"config.xml\")"
config *.**.nic.phy80211p.analogueModels "xmldoc(\"config.xml\")"
config *.**.nic.phy80211p.usePropagationDelay true
config *.**.nic.phy80211p.antenna "xmldoc(\"antenna.xml\", \"/root/Antenna[@id='monopole']\")"
config *.node[*].nic.phy80211p.antennaOffsetY "0 m"
config *.node[*].nic.phy80211p.antennaOffsetZ "1.895 m"
config *.node[*].applType "\"org.car2x.veins.modules.application.gbsed.GBSEDApp\""
config *.node[*].appl.headerLength "80 bit"
config *.node[*].appl.sendBeacons false
config *.node[*].appl.dataOnSch false
config *.node[*].appl.beaconInterval 1s
config *.node[0].appl.isSender true
config *.node[0].appl.filePath "\"scene_data/frame_0000.bin;scene_data/frame_0001.bin;scene_data/frame_0002.bin;scene_data/frame_0003.bin;scene_data/frame_0004.bin;scene_data/frame_0005.bin;scene_data/frame_0006.bin;scene_data/frame_0007.bin;scene_data/frame_0008.bin;scene_data/frame_0009.bin;scene_data/frame_0010.bin;scene_data/frame_0011.bin;scene_data/frame_0012.bin;scene_data/frame_0013.bin;scene_data/frame_0014.bin;scene_data/frame_0015.bin;scene_data/frame_0016.bin;scene_data/frame_0017.bin;scene_data/frame_0018.bin;scene_data/frame_0019.bin\""
config *.node[1].appl.isSender false
config *.node[1].appl.outputDir "\"received\""
config *.node[0].appl.outputDir "\"received\""
config *.node[*].appl.startTime 10s
config *.node[*].appl.sendInterval 2.5s
config *.node[*].appl.writeCsvLog true
config *.node[*].veinsmobility.x 0
config *.node[*].veinsmobility.y 0
config *.node[*].veinsmobility.z 0
config *.node[*].veinsmobility.setHostSpeed false

vector 0 GBSEDScenario.node[0].nic.phy80211p RadioState ETV
vector 1 GBSEDScenario.node[0].nic.phy80211p RadioChannel ETV
vector 2 GBSEDScenario.manager posx ETV
vector 3 GBSEDScenario.manager posy ETV
vector 4 GBSEDScenario.node[1].nic.phy80211p RadioState ETV
vector 5 GBSEDScenario.node[1].nic.phy80211p RadioChannel ETV
vector 6 GBSEDScenario.manager posx ETV
vector 7 GBSEDScenario.manager posy ETV
vector 8 GBSEDScenario.manager speed ETV
vector 9 GBSEDScenario.manager speed ETV
vector 10 GBSEDScenario.manager acceleration ETV
vector 11 GBSEDScenario.manager co2emission ETV
vector 12 GBSEDScenario.manager acceleration ETV
vector 13 GBSEDScenario.manager co2emission ETV
11	4	3	3.835198882247766
11	5	4	3.126666962855511
11	6	5	5.758318013857487
11	7	6	0.973
11	8	7	2.668102372827514
11	9	8	0.973
11	10	9	0.973
11	11	10	2.931194766488697
11	13	11	0.973
11	28	12	2.5703430130152842
11	29	13	0.973
11	45	14	1.930215283268716
11	46	15	0.973
11	48	16	2.361305674289584
11	63	17	1.5103356407764699
11	64	18	1.2224414333198559
11	80	19	0.973
11	81	20	2.41307383551263
11	83	21	0.973
11	98	22	2.3428503262110447
11	99	23	2.5310281303196644
11	115	24	0.973
11	116	25	0.973
11	118	26	1.349635292508604
11	133	27	2.3483627444890343
11	134	28	0.973
11	150	29	1.2453174446977924
11	151	30	1.9390685161171541
11	153	31	3.036039345970523
11	168	32	0.973
11	169	33	1.686553237966651
11	185	34	1.670978399402248
11	186	35	0.973
11	188	36	0.973
11	203	37	1.6838609792606587
11	204	38	2.7975166638472686
11	220	39	2.23417753298235
11	221	40	0.973
11	223	41	1.404457195027686
11	238	42	2.037027083303965
11	239	43	0.973
11	255	44	0.973
11	256	45	2.170270007273083
11	258	46	2.878913765411638
11	273	47	0.973
11	274	48	1.4648738018833112
11	290	49	1.8667585160061053
11	291	50	1.8140379437750624
11	293	51	0.973
11	307	52	2.044427131098365
11	308	53	0.973
11	323	54	1.8322691071390271
11	324	55	0.973
11	326	56	1.574274003428213
11	340	57	2.3788455516724323
11	341	58	1.9118568015912996
11	356	59	0.973
11	357	60	0.973
11	359	61	3.653181112601846
11	373	62	1.7727026316559038
11	374	63	0.973
11	389	64	1.468498759662132
11	390	65	1.7048924474674383
11	391	66	1.2606590244544043
11	392	67	0.973
11	393	68	0.973
11	394	69	1.7209662557234449
11	395	70	0.973
11	396	71	3.089878455302115
11	397	72	1.4268081953011218
11	398	73	1.954255441180077
11	399	74	0.973
11	400	75	2.317436838253688
11	401	76	0.973
11	402	77	0.973
11	403	78	0.973
11	404	79	3.3665907155169625
11	405	80	0.973
11	406	81	1.8703385769368612
11	407	82	2.5549541568991043
11	408	83	0.973
11	409	84	1.5947738209095623
11	410	85	2.6723397154631607
11	411	86	0.973
11	412	87	1.7278878931768478
11	413	88	3.173460815650427
11	414	89	1.538076164352192
11	415	90	0.973
11	416	91	0.973
11	417	92	1.7298580694156516
11	418	93	2.885013784516599
11	419	94	0.973
11	420	95	2.4476626258929635
11	421	96	1.4625433441251263
11	422	97	2.2955580810663174
11	423	98	2.0936468767960394
11	424	99	0.973
11	425	100	0.973
11	426	101	1.681631819075386
11	427	102	1.9792288347936449
11	428	103	0.973
11	429	104	0.973
11	430	105	2.427393229461268
11	431	106	1.6099731978829432
11	432	107	0.973
11	433	108	3.222774220869752
11	434	109	0.973
11	435	110	2.2065631532382803
11	436	111	0.973
11	437	112	3.0688873852126273
11	438	113	0.973
11	439	114	0.973
11	440	115	1.914307942613862
11	441	116	0.973
11	442	117	2.1955529965783205
11	443	118	0.973
11	444	119	2.522775314497796
11	445	120	1.8058075999711611
11	446	121	0.973
11	447	122	1.8145266191021627
11	448	123	1.8275753068974836
11	449	124	0.973
11	450	125	1.593690154444399
11	451	126	1.7444158997928163
11	452	127	0.973
11	453	128	1.953615760916297
11	454	129	1.5773731000036608
11	455	130	2.6222086825743247
11	456	131	1.530730029324274
11	457	132	1.402344082582614
11	458	133	1.645776970394675
11	459	134	0.973
11	460	135	1.9123090593138965
11	461	136	0.973
10	4	3	2.585551230516284
10	5	4	1.3408971355063848
10	6	5	2.2887285570381213
10	7	6	-0.8096715987659993
10	8	7	0.6391808312153442
10	9	8	-0.19934032461605966
10	10	9	-0.371287276200019
10	11	10	0.7588528450345624
10	13	11	-0.24650922666769493
10	28	12	0.534237606893293
10	29	13	-0.7808248883346094
10	45	14	0.23603387009352428
10	46	15	-0.43627234536688775
10	48	16	0.4728250387823216
10	63	17	0.0005541214253748095
10	64	18	-0.15697441946249402
10	80	19	-0.4542380965547643
10	81	20	0.5118058346910406
10	83	21	-0.582460583304055
10	98	22	0.4824064952321354
10	99	23	0.5314813307486475
10	115	24	-0.515919734025374
10	116	25	-0.20558446920476925
10	118	26	-0.07717795523349125
10	133	27	0.4656836627749721
10	134	28	-0.40260636161547136
10	150	29	-0.13765882728621381
10	151	30	0.2581590445712214
10	153	31	0.7779210058273742
10	168	32	-0.5262535847490648
10	169	33	0.09526371292304248
10	185	34	0.08285805503837729
10	186	35	-0.25096376158762723
10	188	36	-0.6392505123512819
10	203	37	0.12875114977359736
10	204	38	0.7033544009085748
10	220	39	0.3639522350393234
10	221	40	-0.214487353782169
10	223	41	-0.0629538994980976
10	238	42	0.2618443698389452
10	239	43	-0.29423429686576164
10	255	44	-0.8979464997537434
10	256	45	0.39825556112919
10	258	46	0.7132637192495173
10	273	47	-0.22459100317210012
10	274	48	-0.02796660505700821
10	290	49	0.18125639541540295
10	291	50	0.14528794097714126
10	293	51	-0.48007123069837654
10	307	52	0.28009600394871015
10	308	53	-0.39808572202455217
10	323	54	0.17856126241385972
10	324	55	-0.717039705906064
10	326	56	0.06377658147830534
10	340	57	0.49727240081410873
10	341	58	0.21861601208802295
10	356	59	-0.42654255491215753
10	357	60	-0.4045316236093637
10	359	61	1.1219543868908657
10	373	62	0.12086821785196644
10	374	63	-0.3950780823826783
10	389	64	-0.02476041258778494
10	390	65	0.10039902292191982
10	391	66	-0.13845541251357574
10	392	67	-0.24620179082267057
10	393	68	-0.2519598222104831
10	394	69	0.13525124830193835
10	395	70	-0.36228816697839683
10	396	71	0.8537401120178405
10	397	72	-0.0488917629467327
10	398	73	0.2250337826088078
10	399	74	-0.3716557592386387
10	400	75	0.41426528443116695
10	401	76	-0.20323603658471256
10	402	77	-0.5136765952454878
10	403	78	-0.17650659994687867
10	404	79	0.9584912381600592
10	405	80	-0.7468290295684712
10	406	81	0.20664926569443143
10	407	82	0.5337640170706441
10	408	83	-0.7541046831291167
10	409	84	0.058664033305831254
10	410	85	0.6053224753588431
10	411	86	-0.8548315779305993
10	412	87	0.1412242662161587
10	413	88	0.8514120452106004
10	414	89	-0.0012101627187801611
10	415	90	-0.5492613954236738
10	416	91	-0.585206306818872
10	417	92	0.1500641703838479
10	418	93	0.7328902931651102
10	419	94	-0.9908414663048459
10	420	95	0.5442592006875202
10	421	96	-0.018237630021758378
10	422	97	0.41951990264933503
10	423	98	0.2890480167930951
10	424	99	-0.18446988489013183
10	425	100	-0.34529390668030846
10	426	101	0.0938806622056294
10	427	102	0.24184484956786
10	428	103	-0.37250380488112533
10	429	104	-0.1980442722560838
10	430	105	0.4895460067316888
10	431	106	0.045713201514445245
10	432	107	-0.8162359387846667
10	433	108	0.8998879381688312
10	434	109	-0.9031548194587229
10	435	110	0.4024283601436762
10	436	111	-0.2424804421141742
10	437	112	0.8089652022579683
10	438	113	-0.44412647276185435
10	439	114	-0.3758766537765039
10	440	115	0.23747271953616256
10	441	116	-0.5085131051484497
10	442	117	0.4069236118579287
10	443	118	-0.41169090615585446
10	444	119	0.5766570306848733
10	445	120	0.16249655520077777
10	446	121	-0.47172322606202144
10	447	122	0.1844079599250108
10	448	123	0.18082626708783156
10	449	124	-0.2669284739764404
10	450	125	0.058793723746203064
10	451	126	0.13802921872120333
10	452	127	-0.20113490580115467
10	453	128	0.25272913507651484
10	454	129	0.03978076539933717
10	455	130	0.5608456177636985
10	456	131	-0.005893956124783273
10	457	132	-0.07083739803638256
10	458	133	0.05457588233984989
10	459	134	-0.5315716504119337
10	460	135	0.21273435868788493
10	461	136	-0.20841498211957532
8	3	2	1.464541775570251
8	4	3	4.050093006086535
8	5	4	5.39099014159292
8	6	5	7.679718698631041
8	7	6	6.870047099865042
8	8	7	7.509227931080386
8	9	8	7.309887606464327
8	10	9	6.938600330264308
8	11	10	7.69745317529887
8	13	11	7.450943948631175
8	28	12	7.985181555524468
8	29	13	7.204356667189859
8	45	14	7.440390537283383
8	46	15	7.004118191916495
8	48	16	7.476943230698817
8	63	17	7.477497352124192
8	64	18	7.320522932661698
8	80	19	6.866284836106933
8	81	20	7.378090670797974
8	83	21	6.795630087493919
8	98	22	7.278036582726054
8	99	23	7.809517913474702
8	115	24	7.293598179449328
8	116	25	7.088013710244558
8	118	26	7.010835755011067
8	133	27	7.476519417786039
8	134	28	7.073913056170568
8	150	29	6.936254228884354
8	151	30	7.1944132734555755
8	153	31	7.97233427928295
8	168	32	7.446080694533885
8	169	33	7.541344407456927
8	185	34	7.624202462495305
8	186	35	7.373238700907677
8	188	36	6.7339881885563955
8	203	37	6.862739338329993
8	204	38	7.566093739238568
8	220	39	7.930045974277891
8	221	40	7.715558620495722
8	223	41	7.6526047209976245
8	238	42	7.91444909083657
8	239	43	7.620214793970808
8	255	44	6.722268294217065
8	256	45	7.120523855346255
8	258	46	7.833787574595772
8	273	47	7.609196571423672
8	274	48	7.581229966366664
8	290	49	7.7624863617820665
8	291	50	7.907774302759208
8	293	51	7.427703072060831
8	307	52	7.707799076009541
8	308	53	7.309713353984989
8	323	54	7.488274616398849
8	324	55	6.771234910492785
8	326	56	6.83501149197109
8	340	57	7.332283892785199
8	341	58	7.550899904873222
8	356	59	7.124357349961064
8	357	60	6.719825726351701
8	359	61	7.841780113242566
8	373	62	7.962648331094533
8	374	63	7.567570248711855
8	389	64	7.54280983612407
8	390	65	7.6432088590459895
8	391	66	7.504753446532414
8	392	67	7.258551655709743
8	393	68	7.00659183349926
8	394	69	7.141843081801198
8	395	70	6.779554914822802
8	396	71	7.633295026840642
8	397	72	7.584403263893909
8	398	73	7.809437046502717
8	399	74	7.4377812872640785
8	400	75	7.8520465716952454
8	401	76	7.648810535110533
8	402	77	7.135133939865045
8	403	78	6.958627339918166
8	404	79	7.917118578078226
8	405	80	7.170289548509754
8	406	81	7.376938814204186
8	407	82	7.91070283127483
8	408	83	7.156598148145713
8	409	84	7.2152621814515445
8	410	85	7.820584656810388
8	411	86	6.965753078879788
8	412	87	7.106977345095947
8	413	88	7.9583893903065475
8	414	89	7.957179227587767
8	415	90	7.4079178321640935
8	416	91	6.8227115253452215
8	417	92	6.972775695729069
8	418	93	7.70566598889418
8	419	94	6.714824522589334
8	420	95	7.259083723276854
8	421	96	7.2408460932550955
8	422	97	7.660365995904431
8	423	98	7.949414012697526
8	424	99	7.764944127807394
8	425	100	7.419650221127085
8	426	101	7.513530883332715
8	427	102	7.755375732900575
8	428	103	7.3828719280194495
8	429	104	7.184827655763366
8	430	105	7.6743736624950545
8	431	106	7.7200868640095
8	432	107	6.903850925224833
8	433	108	7.803738863393664
8	434	109	6.900584043934941
8	435	110	7.3030124040786175
8	436	111	7.060531961964443
8	437	112	7.869497164222412
8	438	113	7.425370691460557
8	439	114	7.049494037684053
8	440	115	7.286966757220216
8	441	116	6.778453652071766
8	442	117	7.185377263929695
8	443	118	6.77368635777384
8	444	119	7.350343388458714
8	445	120	7.5128399436594915
8	446	121	7.04111671759747
8	447	122	7.225524677522481
8	448	123	7.406350944610312
8	449	124	7.139422470633872
8	450	125	7.198216194380075
8	451	126	7.336245413101278
8	452	127	7.135110507300124
8	453	128	7.387839642376639
8	454	129	7.427620407775976
8	455	130	7.988466025539674
8	456	131	7.982572069414891
8	457	132	7.911734671378508
8	458	133	7.966310553718358
8	459	134	7.434738903306425
8	460	135	7.6474732619943095
8	461	136	7.439058279874734
3	2	1	1016.7
3	3	2	1015.2354582244297
3	4	3	1011.1853652183432
3	5	4	1005.7943750767503
3	6	5	998.1146563781192
3	7	6	991.2446092782542
3	8	7	983.7353813471739
3	9	8	976.4254937407095
3	10	9	969.4868934104452
3	11	10	961.7894402351463
3	13	11	954.3384962865151
3	28	12	946.3533147309906
3	29	13	939.1489580638008
3	45	14	931.7085675265174
3	46	15	924.704449334601
3	48	16	917.2275061039021
3	63	17	909.750008751778
3	64	18	902.4294858191163
3	80	19	895.5632009830093
3	81	20	888.1851103122113
3	83	21	881.3894802247174
3	98	22	874.1114436419914
3	99	23	866.3019257285167
3	115	24	859.0083275490674
3	116	25	851.9203138388228
3	118	26	844.9094780838118
3	133	27	837.4329586660257
3	134	28	830.3590456098551
3	150	29	823.4227913809707
3	151	30	816.2283781075151
3	153	31	808.2560438282322
3	168	32	800.8099631336984
3	169	33	793.2686187262414
3	185	34	785.644416263746
3	186	35	778.2711775628384
3	188	36	771.537189374282
3	203	37	764.6744500359521
3	204	38	757.1083562967135
3	220	39	749.1783103224356
3	221	40	741.4627517019399
3	223	41	733.8101469809422
3	238	42	725.8956978901057
3	239	43	718.2754830961348
3	255	44	711.5532148019178
3	256	45	704.4326909465715
3	258	46	696.5989033719757
3	273	47	688.9897068005521
3	274	48	681.4084768341854
3	290	49	673.6459904724034
3	291	50	665.7382161696441
3	293	51	658.3105130975832
3	307	52	650.6027140215738
3	308	53	643.2930006675888
3	323	54	635.8047260511898
3	324	55	629.0334911406972
3	326	56	622.198479648726
3	340	57	614.8661957559408
3	341	58	607.3152958510675
3	356	59	600.1909385011065
3	357	60	593.4711127747548
3	359	61	585.6293326615122
3	373	62	577.6666843304176
3	374	63	570.0991140817058
3	389	64	562.5563042455817
3	390	65	554.9130953865357
3	391	66	547.4083419400033
3	392	67	540.1497902842935
3	393	68	533.1431984507942
3	394	69	526.001355368993
3	395	70	519.2218004541703
3	396	71	511.58850542732955
3	397	72	504.00410216343573
3	398	73	496.19466511693304
3	399	74	488.75688382966894
3	400	75	480.90483725797367
3	401	76	473.2560267228631
3	402	77	466.1208927829981
3	403	78	459.16226544307995
3	404	79	451.24514686500174
3	405	80	444.07485731649194
3	406	81	436.69791850228773
3	407	82	428.78721567101286
3	408	83	421.63061752286717
3	409	84	414.41535534141565
3	410	85	406.59477068460524
3	411	86	399.6290176057255
3	412	87	392.5220402606295
3	413	88	384.56365087032293
3	414	89	376.6064716427352
3	415	90	369.19855381057107
3	416	91	362.3758422852259
3	417	92	355.4030665894968
3	418	93	347.6974006006026
3	419	94	340.98257607801327
3	420	95	333.72349235473644
3	421	96	326.48264626148136
3	422	97	318.822280265577
3	423	98	310.8728662528795
3	424	99	303.10792212507204
3	425	100	295.68827190394495
3	426	101	288.17474102061226
3	427	102	280.4193652877117
3	428	103	273.03649335969226
3	429	104	265.8516657039289
3	430	105	258.1772920414338
3	431	106	250.45720517742427
3	432	107	243.55335425219948
3	433	108	235.74961538880586
3	434	109	228.84903134487092
3	435	110	221.54601894079235
3	436	111	214.4854869788279
3	437	112	206.61598981460554
3	438	113	199.19061912314498
3	439	114	192.14112508546089
3	440	115	184.85415832824071
3	441	116	178.07570467616893
3	442	117	170.89032741223923
3	443	118	164.1166410544654
3	444	119	156.76629766600672
3	445	120	149.2534577223472
3	446	121	142.21234100474976
3	447	122	134.9868163272273
3	448	123	127.58046538261704
3	449	124	120.44104291198312
3	450	125	113.24282671760307
3	451	126	105.90658130450174
3	452	127	98.77147079720157
3	453	128	91.38363115482491
3	454	129	83.95601074704894
3	455	130	75.96754472150928
3	456	131	67.98497265209437
3	457	132	60.07323798071582
3	458	133	52.10692742699746
3	459	134	44.672188523691034
3	460	135	37.02471526169677
3	461	136	29.585656981822012
2	2	1	26.6
2	3	2	26.6
2	4	3	26.6
2	5	4	26.6
2	6	5	26.6
2	7	6	26.6
2	8	7	26.6
2	9	8	26.6
2	10	9	26.6
2	11	10	26.6
2	13	11	26.6
2	28	12	26.6
2	29	13	26.6
2	45	14	26.6
2	46	15	26.6
2	48	16	26.6
2	63	17	26.6
2	64	18	26.6
2	80	19	26.6
2	81	20	26.6
2	83	21	26.6
2	98	22	26.6
2	99	23	26.6
2	115	24	26.6
2	116	25	26.6
2	118	26	26.6
2	133	27	26.6
2	134	28	26.6
2	150	29	26.6
2	151	30	26.6
2	153	31	26.6
2	168	32	26.6
2	169	33	26.6
2	185	34	26.6
2	186	35	26.6
2	188	36	26.6
2	203	37	26.6
2	204	38	26.6
2	220	39	26.6
2	221	40	26.6
2	223	41	26.6
2	238	42	26.6
2	239	43	26.6
2	255	44	26.6
2	256	45	26.6
2	258	46	26.6
2	273	47	26.6
2	274	48	26.6
2	290	49	26.6
2	291	50	26.6
2	293	51	26.6
2	307	52	26.6
2	308	53	26.6
2	323	54	26.6
2	324	55	26.6
2	326	56	26.6
2	340	57	26.6
2	341	58	26.6
2	356	59	26.6
2	357	60	26.6
2	359	61	26.6
2	373	62	26.6
2	374	63	26.6
2	389	64	26.6
2	390	65	26.6
2	391	66	26.6
2	392	67	26.6
2	393	68	26.6
2	394	69	26.6
2	395	70	26.6
2	396	71	26.6
2	397	72	26.6
2	398	73	26.6
2	399	74	26.6
2	400	75	26.6
2	401	76	26.6
2	402	77	26.6
2	403	78	26.6
2	404	79	26.6
2	405	80	26.6
2	406	81	26.6
2	407	82	26.6
2	408	83	26.6
2	409	84	26.6
2	410	85	26.6
2	411	86	26.6
2	412	87	26.6
2	413	88	26.6
2	414	89	26.6
2	415	90	26.6
2	416	91	26.6
2	417	92	26.6
2	418	93	26.6
2	419	94	26.6
2	420	95	26.6
2	421	96	26.6
2	422	97	26.6
2	423	98	26.6
2	424	99	26.6
2	425	100	26.6
2	426	101	26.6
2	427	102	26.6
2	428	103	26.6
2	429	104	26.6
2	430	105	26.6
2	431	106	26.6
2	432	107	26.6
2	433	108	26.6
2	434	109	26.6
2	435	110	26.6
2	436	111	26.6
2	437	112	26.6
2	438	113	26.6
2	439	114	26.6
2	440	115	26.6
2	441	116	26.6
2	442	117	26.6
2	443	118	26.6
2	444	119	26.6
2	445	120	26.6
2	446	121	26.6
2	447	122	26.6
2	448	123	26.6
2	449	124	26.6
2	450	125	26.6
2	451	126	26.6
2	452	127	26.6
2	453	128	26.6
2	454	129	26.6
2	455	130	26.6
2	456	131	26.6
2	457	132	26.6
2	458	133	26.6
2	459	134	26.6
2	460	135	26.6
2	461	136	26.6
13	4	3	3.761872899162766
13	5	4	4.584670330842007
13	6	5	2.7252470305371332
13	7	6	1.5093281288546994
13	8	7	2.764771443299503
13	9	8	1.2221653137521507
13	10	9	0.973
13	11	10	1.957423865846325
13	13	11	1.8641741790061879
13	28	12	0.973
13	29	13	0.973
13	45	14	2.5794927838289645
13	46	15	2.2200056857881774
13	48	16	1.25619582468825
13	63	17	1.7996398372705507
13	64	18	1.6709000398626692
13	80	19	0.973
13	81	20	1.6332236489994636
13	83	21	0.973
13	98	22	2.3285391579825108
13	99	23	0.973
13	115	24	0.973
13	116	25	2.6995517733014305
13	118	26	0.973
13	133	27	1.9595748235048989
13	134	28	3.2731454388510643
13	150	29	0.973
13	151	30	2.0821926494508207
13	153	31	1.4793995942786877
13	168	32	1.7880356441141625
13	169	33	2.6036842463558254
13	185	34	0.973
13	186	35	3.399288209114869
13	188	36	0.973
13	203	37	0.973
13	204	38	2.4174095819863686
13	220	39	1.4849914603107557
13	221	40	0.973
13	223	41	0.973
13	238	42	2.8186063133040014
13	239	43	0.973
13	255	44	1.3411133771313062
13	256	45	1.7908704871935817
13	258	46	0.973
13	273	47	1.9060140899774625
13	274	48	1.906949892697356
13	290	49	0.973
13	291	50	0.973
13	293	51	2.8420679407162552
13	307	52	0.973
13	308	53	1.4079480320180688
13	323	54	0.973
13	324	55	3.699784927029076
13	326	56	1.3699154963950313
13	340	57	1.759899493675478
13	341	58	0.973
13	356	59	2.661374178125369
13	357	60	0.973
13	359	61	2.5503449704959626
13	373	62	0.973
13	374	63	2.5908708333827137
13	389	64	0.973
13	390	65	1.3297825215314414
13	391	66	1.366986140330814
13	392	67	1.4419489011207127
13	393	68	3.460109635052378
13	394	69	0.973
13	395	70	2.549368682837627
13	396	71	0.973
13	397	72	0.973
13	398	73	1.6499816667808833
13	399	74	1.2291233955192202
13	400	75	3.6773155483393962
13	401	76	0.973
13	402	77	1.8987831890571276
13	403	78	2.065824739870653
13	404	79	2.2113014276677347
13	405	80	0.973
13	406	81	2.2704035104546683
13	407	82	0.973
13	408	83	1.9157443428338436
13	409	84	1.360084076251034
13	410	85	1.2728140038135596
13	411	86	1.770731257638929
13	412	87	2.358687129357185
13	413	88	0.973
13	414	89	0.973
13	415	90	1.5326286432065144
13	416	91	1.2343763212994894
13	417	92	3.450357188085544
13	418	93	0.973
13	419	94	2.024853029154704
13	420	95	2.202038990075445
13	421	96	0.973
13	422	97	2.5080250894901224
13	423	98	0.973
13	424	99	2.9629368211258473
13	425	100	2.230402618987524
13	426	101	0.973
13	427	102	2.25129450692822
13	428	103	3.0435331030695387
13	429	104	0.973
13	430	105	2.669157622920097
13	431	106	0.973
13	432	107	1.9548718341128397
13	433	108	2.1019008690430034
13	434	109	0.973
13	435	110	2.448634040277446
13	436	111	0.973
13	437	112	2.7576549962357353
13	438	113	1.3540776024671737
13	439	114	0.973
13	440	115	3.0301805708758858
13	441	116	1.5656165612114743
13	442	117	1.6163233295708888
13	443	118	1.5059541382121007
13	444	119	1.7073376169676533
13	445	120	0.973
13	446	121	0.973
13	447	122	1.8513602262197715
13	448	123	0.973
13	449	124	1.8682003927560467
13	450	125	2.3246596822150756
13	451	126	0.973
13	452	127	3.4502229654256986
13	453	128	0.973
13	454	129	0.973
13	455	130	0.973
13	456	131	2.5038586310805604
13	457	132	2.674506341025527
13	458	133	1.417339680581431
13	459	134	0.973
13	460	135	0.973
13	461	136	3.2326176573799454
12	4	3	2.1262006659992037
12	5	4	1.947563025960699
12	6	5	0.6908532382687556
12	7	6	0.004364187712781131
12	8	7	0.6346992576029145
12	9	8	-0.16417236269917268
12	10	9	-0.23711321277078312
12	11	10	0.22634718578774482
12	13	11	0.1674258056096738
12	28	12	-0.26680766234640085
12	29	13	-0.8562612952198831
12	45	14	0.5963269301922995
12	46	15	0.3652757761767136
12	48	16	-0.14374666013754922
12	63	17	0.14233426128048432
12	64	18	0.07091971423942578
12	80	19	-0.40537405817303807
12	81	20	0.06550337267108297
12	83	21	-0.19390263292007148
12	98	22	0.4262416121549899
12	99	23	-0.1936122712446373
12	115	24	-0.7317052801139656
12	116	25	0.6559902724809952
12	118	26	-0.7501167031470688
12	133	27	0.28119777792599
12	134	28	0.9046825738390911
12	150	29	-1.20790241532959
12	151	30	0.34943569251336104
12	153	31	-0.003173374407924534
12	168	32	0.1674252156866718
12	169	33	0.5685350791551169
12	185	34	-0.9913565719965849
12	186	35	0.9906001877970994
12	188	36	-0.6901595861651
12	203	37	-0.36908064666204154
12	204	38	0.5238601866178216
12	220	39	-0.00678327367641085
12	221	40	-0.19418324951548094
12	223	41	-0.31314333553891593
12	238	42	0.723878662684001
12	239	43	-0.31599601823836565
12	255	44	-0.08435394358821213
12	256	45	0.16843965896405244
12	258	46	-0.3380009813001381
12	273	47	0.24089289091061783
12	274	48	0.22606969526968967
12	290	49	-0.3891548967687415
12	291	50	-0.22815782595425826
12	293	51	0.7349095902172849
12	307	52	-0.5570895565208049
12	308	53	-0.03972288121003675
12	323	54	-0.19378244208637607
12	324	55	1.142571679735556
12	326	56	-0.08473179608117754
12	340	57	0.11741634469944984
12	341	58	-0.5742993309162561
12	356	59	0.5894396971911195
12	357	60	-1.1412022099597383
12	359	61	0.5908990698400887
12	373	62	-0.20612903563305718
12	374	63	0.5720957281766452
12	389	64	-0.8467746193287891
12	390	65	-0.08370898915454728
12	391	66	-0.0593093215953564
12	392	67	-0.012693906854837955
12	393	68	1.033589522610419
12	394	69	-0.6293156003113838
12	395	70	0.5544694148702547
12	396	71	-0.4402264285366986
12	397	72	-0.3791442814748729
12	398	73	0.10280841435305721
12	399	74	-0.1455477928277107
12	400	75	1.1174504222348336
12	401	76	-0.925051333848387
12	402	77	0.23142310122493637
12	403	78	0.3033657365012914
12	404	79	0.35410786785651016
12	405	80	-0.5057304610498248
12	406	81	0.3945040866965428
12	407	82	-0.5856080207740888
12	408	83	0.22834371919743734
12	409	84	-0.07981087965890765
12	410	85	-0.12672721173148638
12	411	86	0.15052722149994224
12	412	87	0.43916060868650675
12	413	88	-0.38401648581493664
12	414	89	-0.6023777882801369
12	415	90	0.03706910426262766
12	416	91	-0.1408046012278641
12	417	92	1.0287691452307621
12	418	93	-0.9650930247036742
12	419	94	0.3146829392295336
12	420	95	0.3833608585875483
12	421	96	-0.4039724674075842
12	422	97	0.5384466454619536
12	423	98	-0.8266188172856346
12	424	99	0.7909818653715774
12	425	100	0.36048697708174604
12	426	101	-1.2316714343149213
12	427	102	0.44171096477657557
12	428	103	0.7855445553548632
12	429	104	-0.7737630136078222
12	430	105	0.6083218034123998
12	431	106	-0.37905857525765896
12	432	107	0.23656077908817696
12	433	108	0.29466892785858345
12	434	109	-0.4554648809367787
12	435	110	0.47429993678815663
12	436	111	-0.8256864193128424
12	437	112	0.6554377740249038
12	438	113	-0.0910997730446983
12	439	114	-0.7214216424617916
12	440	115	0.8022137971362104
12	441	116	0.01931059553753567
12	442	117	0.04452471279073489
12	443	118	-0.013497158000245868
12	444	119	0.0892490828875454
12	445	120	-0.3676808075048026
12	446	121	-0.36745264562778157
12	447	122	0.19639668934978527
12	448	123	-0.5013067116960883
12	449	124	0.22409740076400286
12	450	125	0.44653694869484806
12	451	126	-0.5809830168727785
12	452	127	0.9962865642737597
12	453	128	-0.30158988544717413
12	454	129	-0.6661679476732392
12	455	130	-0.16934443437494373
12	456	131	0.5626156767364598
12	457	132	0.5899763536872342
12	458	133	-0.06285856442991644
12	459	134	-0.39507397592533433
12	460	135	-0.6865867294603953
12	461	136	0.9147229891736055
9	3	2	2.586513594398275
9	4	3	4.712714260397479
9	5	4	6.660277286358178
9	6	5	7.351130524626933
9	7	6	7.3554947123397145
9	8	7	7.990193969942629
9	9	8	7.826021607243456
9	10	9	7.588908394472673
9	11	10	7.815255580260418
9	13	11	7.982681385870092
9	28	12	7.715873723523691
9	29	13	6.859612428303808
9	45	14	7.455939358496107
9	46	15	7.821215134672821
9	48	16	7.677468474535272
9	63	17	7.819802735815756
9	64	18	7.890722450055182
9	80	19	7.485348391882144
9	81	20	7.550851764553227
9	83	21	7.356949131633155
9	98	22	7.783190743788145
9	99	23	7.589578472543508
9	115	24	6.857873192429542
9	116	25	7.513863464910537
9	118	26	6.763746761763469
9	133	27	7.0449445396894586
9	134	28	7.94962711352855
9	150	29	6.74172469819896
9	151	30	7.091160390712321
9	153	31	7.087987016304396
9	168	32	7.255412231991068
9	169	33	7.823947311146185
9	185	34	6.8325907391496
9	186	35	7.823190926946699
9	188	36	7.133031340781599
9	203	37	6.763950694119558
9	204	38	7.287810880737379
9	220	39	7.2810276070609685
9	221	40	7.086844357545488
9	223	41	6.773701022006572
9	238	42	7.497579684690573
9	239	43	7.181583666452207
9	255	44	7.097229722863995
9	256	45	7.265669381828047
9	258	46	6.927668400527909
9	273	47	7.168561291438527
9	274	48	7.394630986708217
9	290	49	7.005476089939475
9	291	50	6.777318263985217
9	293	51	7.512227854202502
9	307	52	6.955138297681697
9	308	53	6.91541541647166
9	323	54	6.721632974385284
9	324	55	7.86420465412084
9	326	56	7.779472858039663
9	340	57	7.896889202739112
9	341	58	7.322589871822856
9	356	59	7.912029569013976
9	357	60	6.770827359054238
9	359	61	7.361726428894326
9	373	62	7.155597393261269
9	374	63	7.727693121437914
9	389	64	6.880918502109125
9	390	65	6.797209512954578
9	391	66	6.737900191359222
9	392	67	6.725206284504384
9	393	68	7.758795807114803
9	394	69	7.129480206803419
9	395	70	7.683949621673674
9	396	71	7.243723193136975
9	397	72	6.864578911662102
9	398	73	6.967387326015159
9	399	74	6.821839533187449
9	400	75	7.939289955422282
9	401	76	7.014238621573895
9	402	77	7.245661722798832
9	403	78	7.549027459300123
9	404	79	7.903135327156633
9	405	80	7.397404866106808
9	406	81	7.791908952803351
9	407	82	7.206300932029262
9	408	83	7.4346446512267
9	409	84	7.354833771567792
9	410	85	7.228106559836306
9	411	86	7.378633781336248
9	412	87	7.817794390022755
9	413	88	7.433777904207818
9	414	89	6.831400115927681
9	415	90	6.868469220190309
9	416	91	6.727664618962445
9	417	92	7.756433764193207
9	418	93	6.791340739489533
9	419	94	7.106023678719066
9	420	95	7.489384537306615
9	421	96	7.08541206989903
9	422	97	7.623858715360984
9	423	98	6.7972398980753495
9	424	99	7.588221763446927
9	425	100	7.948708740528673
9	426	101	6.717037306213752
9	427	102	7.158748270990327
9	428	103	7.94429282634519
9	429	104	7.170529812737368
9	430	105	7.778851616149768
9	431	106	7.399793040892109
9	432	107	7.636353819980286
9	433	108	7.9310227478388695
9	434	109	7.475557866902091
9	435	110	7.949857803690247
9	436	111	7.124171384377405
9	437	112	7.779609158402309
9	438	113	7.6885093853576105
9	439	114	6.967087742895819
9	440	115	7.769301540032029
9	441	116	7.788612135569565
9	442	117	7.8331368483603
9	443	118	7.819639690360054
9	444	119	7.908888773247599
9	445	120	7.541207965742797
9	446	121	7.173755320115015
9	447	122	7.3701520094648005
9	448	123	6.868845297768712
9	449	124	7.092942698532715
9	450	125	7.539479647227563
9	451	126	6.958496630354785
9	452	127	7.954783194628544
9	453	128	7.65319330918137
9	454	129	6.987025361508131
9	455	130	6.817680927133187
9	456	131	7.380296603869647
9	457	132	7.970272957556881
9	458	133	7.907414393126965
9	459	134	7.512340417201631
9	460	135	6.825753687741235
9	461	136	7.740476676914841
7	2	1	1026.6
7	3	2	1026.6
7	4	3	1026.6
7	5	4	1026.6
7	6	5	1026.6
7	7	6	1026.6
7	8	7	1026.6
7	9	8	1026.6
7	10	9	1026.6
7	11	10	1026.6
7	13	11	1026.6
7	28	12	1026.6
7	29	13	1026.6
7	45	14	1026.6
7	46	15	1026.6
7	48	16	1026.6
7	63	17	1026.6
7	64	18	1026.6
7	80	19	1026.6
7	81	20	1026.6
7	83	21	1026.6
7	98	22	1026.6
7	99	23	1026.6
7	115	24	1026.6
7	116	25	1026.6
7	118	26	1026.6
7	133	27	1026.6
7	134	28	1026.6
7	150	29	1026.6
7	151	30	1026.6
7	153	31	1026.6
7	168	32	1026.6
7	169	33	1026.6
7	185	34	1026.6
7	186	35	1026.6
7	188	36	1026.6
7	203	37	1026.6
7	204	38	1026.6
7	220	39	1026.6
7	221	40	1026.6
7	223	41	1026.6
7	238	42	1026.6
7	239	43	1026.6
7	255	44	1026.6
7	256	45	1026.6
7	258	46	1026.6
7	273	47	1026.6
7	274	48	1026.6
7	290	49	1026.6
7	291	50	1026.6
7	293	51	1026.6
7	307	52	1026.6
7	308	53	1026.6
7	323	54	1026.6
7	324	55	1026.6
7	326	56	1026.6
7	340	57	1026.6
7	341	58	1026.6
7	356	59	1026.6
7	357	60	1026.6
7	359	61	1026.6
7	373	62	1026.6
7	374	63	1026.6
7	389	64	1026.6
7	390	65	1026.6
7	391	66	1026.6
7	392	67	1026.6
7	393	68	1026.6
7	394	69	1026.6
7	395	70	1026.6
7	396	71	1026.6
7	397	72	1026.6
7	398	73	1026.6
7	399	74	1026.6
7	400	75	1026.6
7	401	76	1026.6
7	402	77	1026.6
7	403	78	1026.6
7	404	79	1026.6
7	405	80	1026.6
7	406	81	1026.6
7	407	82	1026.6
7	408	83	1026.6
7	409	84	1026.6
7	410	85	1026.6
7	411	86	1026.6
7	412	87	1026.6
7	413	88	1026.6
7	414	89	1026.6
7	415	90	1026.6
7	416	91	1026.6
7	417	92	1026.6
7	418	93	1026.6
7	419	94	1026.6
7	420	95	1026.6
7	421	96	1026.6
7	422	97	1026.6
7	423	98	1026.6
7	424	99	1026.6
7	425	100	1026.6
7	426	101	1026.6
7	427	102	1026.6
7	428	103	1026.6
7	429	104	1026.6
7	430	105	1026.6
7	431	106	1026.6
7	432	107	1026.6
7	433	108	1026.6
7	434	109	1026.6
7	435	110	1026.6
7	436	111	1026.6
7	437	112	1026.6
7	438	113	1026.6
7	439	114	1026.6
7	440	115	1026.6
7	441	116	1026.6
7	442	117	1026.6
7	443	118	1026.6
7	444	119	1026.6
7	445	120	1026.6
7	446	121	1026.6
7	447	122	1026.6
7	448	123	1026.6
7	449	124	1026.6
7	450	125	1026.6
7	451	126	1026.6
7	452	127	1026.6
7	453	128	1026.6
7	454	129	1026.6
7	455	130	1026.6
7	456	131	1026.6
7	457	132	1026.6
7	458	133	1026.6
7	459	134	1026.6
7	460	135	1026.6
7	461	136	1026.6
6	2	1	33.3
6	3	2	35.886513594398274
6	4	3	40.59922785479576
6	5	4	47.25950514115392
6	6	5	54.61063566578086
6	7	6	61.966130378120575
6	8	7	69.9563243480632
6	9	8	77.78234595530665
6	10	9	85.37125434977933
6	11	10	93.18650993003975
6	13	11	101.16919131590984
6	28	12	108.88506503943353
6	29	13	115.74467746773733
6	45	14	123.20061682623344
6	46	15	131.02183196090627
6	48	16	138.69930043544156
6	63	17	146.5191031712573
6	64	18	154.40982562131248
6	80	19	161.8951740131946
6	81	20	169.44602577774782
6	83	21	176.80297490938096
6	98	22	184.5861656531691
6	99	23	192.1757441257126
6	115	24	199.03361731814215
6	116	25	206.5474807830527
6	118	26	213.31122754481615
6	133	27	220.3561720845056
6	134	28	228.30579919803415
6	150	29	235.04752389623312
6	151	30	242.13868428694545
6	153	31	249.22667130324984
6	168	32	256.4820835352409
6	169	33	264.3060308463871
6	185	34	271.1386215855367
6	186	35	278.96181251248345
6	188	36	286.09484385326493
6	203	37	292.8587945473845
6	204	38	300.14660542812186
6	220	39	307.42763303518285
6	221	40	314.51447739272834
6	223	41	321.2881784147349
6	238	42	328.78575809942544
6	239	43	335.9673417658776
6	255	44	343.0645714887416
6	256	45	350.33024087056964
6	258	46	357.25790927109756
6	273	47	364.4264705625361
6	274	48	371.8211015492443
6	290	49	378.82657763918377
6	291	50	385.60389590316896
6	293	51	393.11612375737144
6	307	52	400.0712620550531
6	308	53	406.9866774715248
6	323	54	413.70831044591006
6	324	55	421.5725151000309
6	326	56	429.35198795807054
6	340	57	437.2488771608096
6	341	58	444.5714670326325
6	356	59	452.48349660164644
6	357	60	459.2543239607007
6	359	61	466.616050389595
6	373	62	473.77164778285623
6	374	63	481.4993409042942
6	389	64	488.3802594064033
6	390	65	495.17746891935786
6	391	66	501.9153691107171
6	392	67	508.6405753952215
6	393	68	516.3993712023363
6	394	69	523.5288514091396
6	395	70	531.2128010308134
6	396	71	538.4565242239504
6	397	72	545.3211031356125
6	398	73	552.2884904616276
6	399	74	559.1103299948151
6	400	75	567.0496199502373
6	401	76	574.0638585718112
6	402	77	581.30952029461
6	403	78	588.8585477539101
6	404	79	596.7616830810667
6	405	80	604.1590879471736
6	406	81	611.950996899977
6	407	82	619.1572978320063
6	408	83	626.591942483233
6	409	84	633.9467762548007
6	410	85	641.174882814637
6	411	86	648.5535165959733
6	412	87	656.371310985996
6	413	88	663.8050888902038
6	414	89	670.6364890061315
6	415	90	677.5049582263217
6	416	91	684.2326228452841
6	417	92	691.9890566094773
6	418	93	698.7803973489669
6	419	94	705.886421027686
6	420	95	713.3758055649926
6	421	96	720.4612176348916
6	422	97	728.0850763502525
6	423	98	734.8823162483278
6	424	99	742.4705380117747
6	425	100	750.4192467523034
6	426	101	757.1362840585172
6	427	102	764.2950323295075
6	428	103	772.2393251558527
6	429	104	779.4098549685901
6	430	105	787.1887065847399
6	431	106	794.5884996256319
6	432	107	802.2248534456122
6	433	108	810.155876193451
6	434	109	817.6314340603532
6	435	110	825.5812918640435
6	436	111	832.7054632484209
6	437	112	840.4850724068232
6	438	113	848.1735817921808
6	439	114	855.1406695350767
6	440	115	862.9099710751087
6	441	116	870.6985832106783
6	442	117	878.5317200590385
6	443	118	886.3513597493986
6	444	119	894.2602485226462
6	445	120	901.801456488389
6	446	121	908.975211808504
6	447	122	916.3453638179689
6	448	123	923.2142091157376
6	449	124	930.3071518142704
6	450	125	937.846631461498
6	451	126	944.8051280918528
6	452	127	952.7599112864814
6	453	128	960.4131045956627
6	454	129	967.4001299571709
6	455	130	974.2178108843041
6	456	131	981.5981074881737
6	457	132	989.5683804457306
6	458	133	997.4757948388575
6	459	134	1004.9881352560591
6	460	135	1011.8138889438003
6	461	136	1019.5543656207151

